temp,date
27.39, 2277779
27.39, 2278780
27.07, 2279781
27.39, 2280782
27.39, 2281783
27.07, 2282784
27.07, 2283785
27.39, 2284786
27.39, 2285787
27.39, 2286788
27.39, 2287789
27.39, 2288790
27.39, 2289791
27.39, 2290792
27.39, 2291793
27.39, 2292794
27.71, 2293795
27.39, 2294796
27.39, 2295797
27.39, 2296798
27.39, 2297799
27.39, 2298800
27.39, 2299801
27.39, 2300802
27.39, 2301803
27.07, 2302804
27.39, 2303805
27.07, 2304806
27.07, 2305807
27.07, 2306808
26.75, 2307809
26.75, 2308810
26.75, 2309811
26.75, 2310812
26.75, 2311813
27.07, 2312814
26.75, 2313815
26.75, 2314816
26.75, 2315817
27.07, 2316818
26.75, 2317819
26.75, 2318820
26.75, 2319821
26.75, 2320822
26.75, 2321823
26.75, 2322824
26.75, 2323825
26.75, 2324826
26.75, 2325827
26.75, 2326828
26.75, 2327829
26.75, 2328830
26.75, 2329831
26.75, 2330832
26.75, 2331833
26.75, 2332834
26.75, 2333835
26.75, 2334836
26.75, 2335837
26.75, 2336838
26.75, 2337839
26.75, 2338840
26.75, 2339841
26.75, 2340842
26.75, 2341843
26.75, 2342844
26.75, 2343845
26.75, 2344846
26.75, 2345847
26.75, 2346848
26.75, 2347849
26.75, 2348850
26.75, 2349851
26.75, 2350852
26.75, 2351853
26.75, 2352854
26.75, 2353855
26.75, 2354856
26.75, 2355857
26.75, 2356858
26.75, 2357859
26.75, 2358860
26.75, 2359861
26.75, 2360862
26.75, 2361863
26.75, 2362864
26.75, 2363865
26.75, 2364866
26.75, 2365867
26.75, 2366868
26.75, 2367869
26.43, 2368870
26.75, 2369871
26.75, 2370872
26.75, 2371873
26.75, 2372874
26.75, 2373875
26.75, 2374876
26.75, 2375877
26.75, 2376878
26.43, 2377879
26.75, 2378880
26.43, 2379881
26.43, 2380882
26.75, 2381883
26.43, 2382884
26.75, 2383885
26.75, 2384886
26.75, 2385887
26.75, 2386888
26.75, 2387889
26.75, 2388890
26.75, 2389891
26.43, 2390892
26.75, 2391893
26.43, 2392894
26.75, 2393895
26.75, 2394896
26.43, 2395897
26.43, 2396898
26.75, 2397899
26.43, 2398900
26.43, 2399901
26.43, 2400902
26.75, 2401903
26.43, 2402904
26.43, 2403905
26.43, 2404906
26.43, 2405907
26.43, 2406908
26.43, 2407909
26.43, 2408910
26.43, 2409911
26.43, 2410912
26.43, 2411913
26.43, 2412914
26.43, 2413915
26.43, 2414916
26.43, 2415917
26.43, 2416918
26.43, 2417919
26.43, 2418920
26.43, 2419921
26.43, 2420922
26.75, 2421923
26.43, 2422924
26.43, 2423925
26.43, 2424926
26.43, 2425927
26.43, 2426928
26.75, 2427929
26.43, 2428930
26.43, 2429931
26.43, 2430932
26.43, 2431933
26.43, 2432934
26.43, 2433935
26.43, 2434936
26.43, 2435937
26.43, 2436938
26.43, 2437939
26.43, 2438940
26.43, 2439941
26.43, 2440942
26.43, 2441943
26.43, 2442944
26.43, 2443945
26.43, 2444946
26.43, 2445947
26.43, 2446948
26.43, 2447949
26.43, 2448950
26.43, 2449951
26.43, 2450952
26.75, 2451953
26.75, 2452954
26.43, 2453955
26.43, 2454956
26.43, 2455957
26.43, 2456958
26.43, 2457959
26.43, 2458960
26.43, 2459961
26.43, 2460962
26.43, 2461963
26.43, 2462964
26.43, 2463965
26.43, 2464966
26.43, 2465967
26.43, 2466968
26.43, 2467969
26.43, 2468970
26.43, 2469971
26.43, 2470972
26.43, 2471973
26.43, 2472974
26.43, 2473975
26.43, 2474976
26.43, 2475977
26.43, 2476978
26.43, 2477979
26.43, 2478980
26.43, 2479981
26.43, 2480982
26.43, 2481983
26.43, 2482984
26.43, 2483985
26.43, 2484986
26.43, 2485987
26.43, 2486988
26.43, 2487989
26.43, 2488990
26.43, 2489991
26.43, 2490992
26.43, 2491993
26.43, 2492994
26.43, 2493995
26.43, 2494996
26.43, 2495997
26.43, 2496998
26.43, 2497999
26.43, 2499000
26.43, 2500001
26.43, 2501002
26.43, 2502003
26.43, 2503004
26.43, 2504005
26.43, 2505006
26.43, 2506007
26.43, 2507008
26.43, 2508009
26.43, 2509010
26.75, 2510011
26.75, 2511012
26.43, 2512013
26.43, 2513014
26.43, 2514015
26.43, 2515016
26.43, 2516017
26.43, 2517018
26.43, 2518019
26.43, 2519020
26.43, 2520021
26.43, 2521022
26.43, 2522023
26.43, 2523024
26.43, 2524025
26.43, 2525026
26.43, 2526027
26.43, 2527028
26.43, 2528029
26.43, 2529030
26.43, 2530031
26.43, 2531032
26.43, 2532033
26.43, 2533034
26.43, 2534035
26.43, 2535036
26.43, 2536179
26.43, 2537180
26.43, 2538181
26.43, 2539182
26.43, 2540183
26.43, 2541184
26.43, 2542185
26.43, 2543186
26.43, 2544187
26.43, 2545188
26.43, 2546189
26.43, 2547190
26.43, 2548191
26.43, 2549192
26.43, 2550193
26.43, 2551194
26.43, 2552195
26.43, 2553196
26.43, 2554197
26.43, 2555198
26.43, 2556199
26.43, 2557200
26.43, 2558201
26.43, 2559202
26.43, 2560203
26.43, 2561204
26.43, 2562205
26.43, 2563206
26.43, 2564207
26.43, 2565208
26.43, 2566209
26.43, 2567210
26.43, 2568211
26.43, 2569216
26.43, 2570217
26.43, 2571218
26.43, 2572274
26.43, 2573275
26.43, 2574276
26.43, 2575277
26.43, 2576278
26.43, 2577279
26.43, 2578280
26.43, 2579281
26.43, 2580282
26.43, 2581283
26.43, 2582284
26.43, 2583285
26.43, 2584286
26.43, 2585287
26.43, 2586288
26.43, 2587289
26.43, 2588290
26.43, 2589291
26.75, 2590292
26.75, 2591293
26.75, 2592294
26.75, 2593295
26.75, 2594296
26.75, 2595297
26.75, 2596298
26.75, 2597299
26.75, 2598300
26.75, 2599301
26.75, 2600302
26.75, 2601303
26.75, 2602304
26.75, 2603305
26.75, 2604306
26.75, 2605307
26.75, 2606308
26.75, 2607309
26.75, 2608310
26.75, 2609311
26.75, 2610312
26.75, 2611313
26.43, 2612314
26.43, 2613315
26.75, 2614316
26.75, 2615317
26.43, 2616318
26.43, 2617319
26.43, 2618320
26.75, 2619321
26.75, 2620322
26.75, 2621323
26.75, 2622324
26.43, 2623461
26.43, 2624462
26.43, 2625463
26.43, 2626464
26.75, 2627465
26.43, 2628466
26.43, 2629467
26.75, 2630468
26.75, 2631469
26.75, 2632470
26.43, 2633471
26.75, 2634472
26.43, 2635473
26.75, 2636474
26.75, 2637475
26.75, 2638476
26.75, 2639477
26.75, 2640478
26.43, 2641479
26.75, 2642480
26.75, 2643481
26.75, 2644482
26.75, 2645483
26.75, 2646484
26.75, 2647485
26.75, 2648486
26.75, 2649487
26.75, 2650488
26.75, 2651489
26.75, 2652490
26.75, 2653491
26.75, 2654492
26.75, 2655493
26.75, 2656494
26.75, 2657495
26.75, 2658496
26.75, 2659497
26.75, 2660498
26.75, 2661499
26.75, 2662500
26.75, 2663501
26.43, 2664502
26.75, 2665503
26.75, 2666504
26.75, 2667505
26.75, 2668506
26.75, 2669507
26.75, 2670508
26.75, 2671509
26.75, 2672510
26.75, 2673511
26.75, 2674512
26.75, 2675513
26.75, 2676514
26.75, 2677515
26.75, 2678516
26.75, 2679517
26.75, 2680518
26.75, 2681519
26.75, 2682520
26.75, 2683521
26.75, 2684522
26.75, 2685523
26.75, 2686524
26.75, 2687525
26.75, 2688526
26.75, 2689527
26.75, 2690528
26.75, 2691529
26.75, 2692530
26.75, 2693531
26.75, 2694532
26.75, 2695533
26.75, 2696534
26.75, 2697535
26.75, 2698536
26.75, 2699537
26.75, 2700538
26.75, 2701539
26.75, 2702540
26.75, 2703541
26.75, 2704827
26.75, 2705828
26.75, 2706829
26.75, 2707830
26.75, 2708831
26.75, 2709832
26.75, 2710833
26.75, 2711834
26.75, 2712835
26.75, 2713836
26.75, 2714837
26.75, 2715838
26.75, 2716839
26.75, 2717840
26.75, 2718841
26.75, 2719842
26.75, 2720843
26.75, 2721844
26.75, 2722845
26.75, 2723846
26.75, 2724847
26.75, 2725943
26.75, 2726944
26.75, 2727945
26.75, 2728946
26.75, 2729947
26.75, 2730948
26.75, 2731949
26.75, 2732950
26.75, 2733951
26.75, 2734952
26.43, 2735953
26.75, 2736954
26.75, 2737955
26.75, 2738956
26.75, 2739957
26.75, 2740958
26.75, 2741959
26.75, 2742960
26.75, 2743961
26.75, 2744962
26.75, 2745963
26.75, 2746964
26.75, 2747965
26.75, 2748966
26.75, 2749967
26.75, 2750968
26.75, 2751969
27.07, 2752970
26.75, 2753971
26.75, 2754972
26.75, 2755973
26.75, 2756974
26.75, 2757975
26.75, 2758976
27.07, 2759977
26.75, 2760978
26.75, 2761979
26.75, 2762980
26.75, 2763981
26.75, 2764982
27.07, 2765983
26.75, 2766984
26.75, 2767985
26.75, 2768986
26.75, 2769987
26.75, 2770988
26.75, 2771989
26.75, 2772990
26.75, 2773991
26.75, 2774992
26.75, 2775993
26.75, 2776994
26.75, 2777995
26.75, 2778996
26.75, 2779997
27.07, 2780998
26.75, 2781999
26.75, 2783000
26.75, 2784001
26.75, 2785002
27.07, 2786003
26.75, 2787004
27.07, 2788005
26.75, 2789006
27.07, 2790007
26.75, 2791008
27.07, 2792009
26.75, 2793010
26.75, 2794011
26.75, 2795012
26.75, 2796013
26.75, 2797014
26.75, 2798015
27.07, 2799016
27.07, 2800017
26.75, 2801018
26.75, 2802019
27.07, 2803020
26.75, 2804021
27.07, 2805022
27.07, 2806023
27.07, 2807024
27.07, 2808025
27.07, 2809026
27.07, 2810027
27.07, 2811028
27.07, 2812029
27.07, 2813030
27.07, 2814031
26.75, 2815032
27.39, 2816033
27.07, 2817034
26.75, 2818035
27.07, 2819036
27.07, 2820037
27.07, 2821180
27.07, 2822181
27.07, 2823182
27.39, 2824183
27.39, 2825184
27.39, 2826185
27.07, 2827216
27.39, 2828217
27.39, 2829218
27.39, 2830219
27.39, 2831220
27.39, 2832221
27.39, 2833222
27.39, 2834223
27.39, 2835224
26.75, 2836225
27.39, 2837226
27.39, 2838227
26.75, 2839228
26.75, 2840229
27.07, 2841230
27.07, 2842231
27.07, 2843232
27.07, 2844233
26.75, 2845234
27.39, 2846235
27.07, 2847236
27.07, 2848237
27.39, 2849238
26.75, 2850239
27.07, 2851240
27.07, 2852241
27.07, 2853242
27.39, 2854243
27.07, 2855244
26.75, 2856245
27.07, 2857246
27.39, 2858247
27.07, 2859248
27.39, 2860249
27.39, 2861250
27.39, 2862251
27.39, 2863252
27.39, 2864253
27.39, 2865254
27.39, 2866255
27.71, 2867256
27.39, 2868257
27.39, 2869258
27.39, 2870259
27.39, 2871260
27.39, 2872271
27.39, 2873272
27.39, 2874273
27.39, 2875274
27.39, 2876275
27.71, 2877276
27.39, 2878277
27.71, 2879278
27.39, 2880279
27.39, 2881280
27.39, 2882281
27.71, 2883282
27.39, 2884283
27.39, 2885284
27.39, 2886285
27.71, 2887286
27.71, 2888287
27.39, 2889288
27.71, 2890289
27.39, 2891290
27.39, 2892291
27.39, 2893292
27.71, 2894293
27.71, 2895294
27.71, 2896295
27.71, 2897296
27.39, 2898297
27.71, 2899298
27.71, 2900299
27.39, 2901300
27.71, 2902301
27.39, 2903302
27.71, 2904303
27.71, 2905304
27.71, 2906305
27.71, 2907306
27.39, 2908307
27.07, 2909308
27.71, 2910309
27.39, 2911310
27.39, 2912311
27.39, 2913312
27.71, 2914313
27.71, 2915314
27.39, 2916315
27.39, 2917316
27.71, 2918317
27.39, 2919318
27.71, 2920319
27.07, 2921320
27.71, 2922321
27.71, 2923322
27.39, 2924323
27.39, 2925324
27.39, 2926325
27.39, 2927326
27.71, 2928327
27.39, 2929328
27.39, 2930329
27.39, 2931330
27.39, 2932331
27.71, 2933332
27.39, 2934333
27.39, 2935334
27.39, 2936335
27.39, 2937336
27.39, 2938337
27.71, 2939338
27.39, 2940339
27.39, 2941340
27.07, 2942341
27.07, 2943342
27.39, 2944343
27.39, 2945344
27.39, 2946345
27.07, 2947436
27.71, 2948437
27.07, 2949438
27.39, 2950439
27.07, 2951440
27.39, 2952441
27.39, 2953442
27.39, 2954443
27.39, 2955444
27.07, 2956445
27.07, 2957446
27.07, 2958447
27.07, 2959448
27.07, 2960449
27.39, 2961450
27.39, 2962451
27.39, 2963452
27.39, 2964453
27.07, 2965454
27.07, 2966455
27.39, 2967456
27.39, 2968457
27.39, 2969458
27.39, 2970459
27.39, 2971460
27.07, 2972461
27.07, 2973462
27.07, 2974463
27.07, 2975464
26.75, 2976465
27.07, 2977466
27.07, 2978467
26.75, 2979468
26.75, 2980469
27.07, 2981470
27.07, 2982471
27.07, 2983472
27.07, 2984473
27.07, 2985474
26.75, 2986475
27.07, 2987476
26.75, 2988477
27.07, 2989478
27.07, 2990479
26.75, 2991480
27.07, 2992481
26.75, 2993482
27.39, 2994483
27.07, 2995484
27.39, 2996485
27.07, 2997486
27.39, 2998487
27.07, 2999488
27.39, 3000489
27.07, 3001490
27.39, 3002491
27.07, 3003492
27.07, 3004493
26.75, 3005494
27.07, 3006495
27.07, 3007496
27.07, 3008497
27.07, 3009498
26.75, 3010499
27.39, 3011500
26.75, 3012501
27.07, 3013502
27.07, 3014503
27.39, 3015504
26.75, 3016505
27.07, 3017506
27.07, 3018507
27.07, 3019508
27.07, 3020509
27.07, 3021510
27.07, 3022511
26.75, 3023512
27.07, 3024513
27.07, 3025514
27.39, 3026515
27.39, 3027516
27.07, 3028517
27.07, 3029518
27.39, 3030519
27.39, 3031520
27.39, 3032521
27.07, 3033522
27.39, 3034523
27.39, 3035524
27.39, 3036525
27.07, 3037526
27.07, 3038527
27.07, 3039528
27.07, 3040529
27.07, 3041530
27.39, 3042531
27.39, 3043532
27.07, 3044533
27.39, 3045534
27.39, 3046535
27.07, 3047536
27.07, 3048537
27.39, 3049538
27.07, 3050539
27.07, 3051540
27.39, 3052541
27.07, 3053542
27.39, 3054543
27.39, 3055544
27.39, 3056545
27.07, 3057546
27.39, 3058547
27.39, 3059548
27.39, 3060549
27.07, 3061550
27.07, 3062551
26.75, 3063552
27.39, 3064553
27.39, 3065554
27.39, 3066555
27.07, 3067556
27.71, 3068557
27.39, 3069558
27.39, 3070559
30.62, 3071560
31.90, 3072561
32.87, 3073562
33.84, 3074563
34.80, 3075564
35.77, 3076565
36.42, 3077566
36.74, 3078567
37.38, 3079568
38.03, 3080569
38.35, 3081570
38.99, 3082571
39.32, 3083572
39.64, 3084573
39.96, 3085574
40.28, 3086575
40.61, 3087576
40.61, 3088577
41.57, 3089578
42.22, 3090579
42.54, 3091580
42.86, 3092581
42.86, 3093582
43.18, 3094583
43.51, 3095584
43.18, 3096585
43.83, 3097586
44.15, 3098587
44.47, 3099588
44.47, 3100589
44.47, 3101590
44.47, 3102591
44.79, 3103592
45.12, 3104593
45.12, 3105594
45.44, 3106595
45.44, 3107596
45.44, 3108597
45.76, 3109598
45.76, 3110599
46.08, 3111600
46.08, 3112601
46.08, 3113602
46.73, 3114603
46.73, 3115604
46.73, 3116605
47.05, 3117606
47.05, 3118607
47.05, 3119608
47.05, 3120609
47.05, 3121610
47.37, 3122611
47.37, 3123612
47.37, 3124613
47.37, 3125614
47.37, 3126615
47.70, 3127616
47.70, 3128617
47.70, 3129618
47.70, 3130619
47.70, 3131620
48.02, 3132621
47.70, 3133622
48.02, 3134623
48.02, 3135624
48.02, 3136625
48.02, 3137626
48.02, 3138627
48.02, 3139628
48.02, 3140629
48.34, 3141630
48.34, 3142631
48.34, 3143632
48.34, 3144633
48.34, 3145634
48.66, 3146635
48.66, 3147636
48.98, 3148637
48.66, 3149638
48.98, 3150639
48.66, 3151640
48.66, 3152641
48.98, 3153642
48.98, 3154643
48.98, 3155644
48.98, 3156645
48.98, 3157646
49.31, 3158647
49.31, 3159648
49.31, 3160649
49.31, 3161650
49.31, 3162651
49.31, 3163652
49.63, 3164653
49.31, 3165654
49.31, 3166655
49.31, 3167656
49.31, 3168657
49.63, 3169658
49.63, 3170659
49.63, 3171660
49.63, 3172661
49.63, 3173662
49.63, 3174663
49.63, 3175664
49.63, 3176665
49.63, 3177666
49.63, 3178667
49.63, 3179668
49.63, 3180669
49.63, 3181670
49.63, 3182671
49.63, 3183672
49.95, 3184673
49.63, 3185674
49.63, 3186675
49.63, 3187676
49.95, 3188677
49.95, 3189678
49.95, 3190679
49.63, 3191680
49.95, 3192681
49.95, 3193682
49.95, 3194683
49.95, 3195684
49.95, 3196685
49.95, 3197686
49.95, 3198687
49.95, 3199688
49.95, 3200689
49.95, 3201690
49.95, 3202691
49.95, 3203692
49.95, 3204693
49.95, 3205694
49.95, 3206695
49.95, 3207696
49.95, 3208697
50.27, 3209698
49.95, 3210699
49.95, 3211700
49.95, 3212701
50.27, 3213702
49.95, 3214703
49.95, 3215704
49.95, 3216705
49.95, 3217706
49.95, 3218707
49.95, 3219708
50.27, 3220709
49.95, 3221710
50.27, 3222711
50.27, 3223712
50.27, 3224713
50.27, 3225714
50.27, 3226715
49.95, 3227716
49.95, 3228717
49.95, 3229718
49.95, 3230719
50.27, 3231720
50.27, 3232721
50.27, 3233722
49.95, 3234723
50.27, 3235724
50.27, 3236725
49.95, 3237726
50.27, 3238727
50.27, 3239728
50.27, 3240729
50.27, 3241730
50.27, 3242731
50.27, 3243732
49.95, 3244733
49.95, 3245734
50.27, 3246735
49.95, 3247736
49.31, 3248737
48.66, 3249738
48.02, 3250739
48.02, 3251740
47.70, 3252741
47.37, 3253742
46.73, 3254743
46.41, 3255744
46.08, 3256745
45.76, 3257746
45.44, 3258747
45.12, 3259748
44.79, 3260749
44.47, 3261750
44.15, 3262751
44.15, 3263752
43.83, 3264753
43.51, 3265754
43.51, 3266755
42.86, 3267756
42.54, 3268757
42.54, 3269758
41.89, 3271259
40.93, 3272260
40.61, 3273267
40.28, 3274268
40.28, 3275269
40.28, 3276270
39.96, 3277271
39.96, 3278272
39.96, 3279273
39.64, 3280274
39.64, 3281275
39.32, 3282276
39.32, 3283277
38.99, 3284278
38.99, 3285294
38.67, 3286295
38.03, 3287296
38.03, 3288297
38.03, 3289298
38.03, 3290299
37.71, 3291330
37.71, 3292331
37.38, 3293332
37.38, 3294333
37.38, 3295334
37.06, 3296335
37.06, 3297336
36.74, 3298337
36.74, 3299338
36.74, 3300339
36.74, 3301340
36.42, 3302341
36.09, 3303342
